0 1 0 0 8.9680 0.5000
282 0 1 0 7.1910 0.0000
275 1 0 0 11.9990 0.4561
253 1 0 0 8.8930 0.5000
1 1 0 0 8.4860 0.5000
237 1 0 0 17.5530 0.3239
242 1 0 0 9.5800 0.5000
282 0 1 0 7.5450 0.0000
282 0 1 0 6.6620 0.0000
282 1 0 0 19.3310 0.3159
282 1 0 0 19.2630 0.3170
282 1 0 0 18.2470 0.3347
281 1 0 0 13.8110 0.4526
281 1 0 0 12.4290 0.5000
281 1 0 0 13.2560 0.4716
281 1 0 0 12.4200 0.5000
281 1 0 0 10.6730 0.5000
282 1 0 0 19.6450 0.3108
282 1 0 0 16.4940 0.3702
282 0 1 0 8.9490 0.0000
281 0 1 0 36.1030 0.0000
281 1 0 0 11.1810 0.5000
282 0 1 0 7.0490 0.0000
296 1 0 0 10.4610 0.5000
299 0 1 0 6.4100 0.0000
299 1 0 0 9.5250 0.5000
299 1 0 0 12.1310 0.4511
299 0 1 0 6.5190 0.0000
299 1 0 0 9.5100 0.5000
299 1 0 0 9.8660 0.5000
299 1 0 0 10.4500 0.5000
282 1 0 0 18.8680 0.3236
281 1 0 0 11.8100 0.5000
296 1 0 0 12.0310 0.4704
