0 1 0 0 9.9880 0.5000
264 1 0 0 11.5410 0.5000
297 1 0 0 11.3740 0.5000
305 1 0 0 13.3160 0.5000
346 0 1 0 0.0130 0.0000
351 1 0 0 29.1030 0.4639
352 1 0 0 5.7460 0.1250
352 1 0 0 13.2140 0.1250
345 0 1 0 2.1770 0.0000
348 0 1 0 2.4840 0.0000
152 0 1 0 4.9760 0.0000
153 0 1 0 3.5240 0.0000
228 0 1 0 4.1690 0.0000
229 0 1 0 2.4420 0.0000
45 0 1 0 1.5560 0.0000
345 0 1 0 2.1790 0.0000
0 1 0 0 10.8590 0.5000
120 1 0 0 10.9130 0.5000
218 1 0 0 10.8770 0.5000
294 1 0 0 10.8390 0.5000
274 1 0 0 10.8250 0.5000
273 1 0 0 10.7140 0.5000
0 1 0 0 10.8990 0.5000
325 1 0 0 14.5240 0.5000
326 1 0 0 18.9780 0.5000
327 1 0 0 24.2100 0.5000
327 1 0 0 20.0040 0.5000
329 1 0 0 12.1120 0.5000
338 0 0 1 100.0750 0.0000
327 1 0 0 19.8200 0.5000
326 1 0 0 11.4850 0.5000
321 1 0 0 10.0130 0.5000
329 1 0 0 11.8830 0.5000
334 1 0 0 26.2950 0.5000
324 1 0 0 14.4100 0.5000
328 1 0 0 10.6620 0.5000
334 1 0 0 21.7990 0.5000
335 1 0 0 10.0170 0.5000
336 1 0 0 11.1630 0.5000
324 1 0 0 14.5150 0.5000
324 1 0 0 15.1090 0.5000
