0 1 0 0 10.5200 0.5000
1 1 0 0 10.5140 0.5000
0 1 0 0 10.6840 0.5000
1 1 0 0 10.3870 0.5000
2 1 0 0 10.1080 0.5000
3 1 0 0 10.1740 0.5000
4 1 0 0 9.6640 0.5000
5 1 0 0 7.9950 0.5000
6 1 0 0 10.6800 0.5000
7 1 0 0 10.7370 0.5000
8 1 0 0 10.4940 0.5000
9 1 0 0 9.0340 0.5000
10 1 0 0 9.5830 0.5000
11 1 0 0 8.3410 0.5000
12 1 0 0 9.7770 0.5000
13 1 0 0 9.6080 0.5000
14 1 0 0 9.9760 0.5000
15 1 0 0 9.2630 0.5000
16 1 0 0 12.2550 0.4857
17 1 0 0 9.7330 0.5000
18 1 0 0 8.1970 0.5000
19 1 0 0 11.0300 0.5000
20 1 0 0 7.6080 0.5000
21 1 0 0 10.8080 0.5000
22 1 0 0 9.7910 0.5000
23 1 0 0 9.2850 0.5000
24 1 0 0 11.9340 0.5000
25 1 0 0 9.2890 0.5000
26 1 0 0 9.7920 0.5000
27 1 0 0 8.6670 0.5000
28 1 0 0 9.5810 0.5000
29 1 0 0 10.9270 0.5000
30 1 0 0 11.5420 0.5000
31 1 0 0 10.0900 0.5000
32 1 0 0 8.6380 0.5000
33 1 0 0 12.1140 0.5000
34 1 0 0 10.0840 0.5000
35 1 0 0 9.6660 0.5000
36 1 0 0 9.6690 0.5000
37 1 0 0 10.5220 0.5000
38 1 0 0 10.5650 0.5000
39 1 0 0 10.0050 0.5000
40 1 0 0 8.5440 0.5000
41 1 0 0 7.7320 0.5000
42 1 0 0 8.3340 0.5000
43 1 0 0 12.3100 0.4520
44 1 0 0 10.8680 0.5000
45 1 0 0 8.5360 0.5000
46 1 0 0 8.0140 0.5000
47 1 0 0 9.3880 0.5000
48 1 0 0 9.7380 0.5000
49 1 0 0 10.1720 0.5000
50 1 0 0 9.3500 0.5000
51 1 0 0 10.6610 0.5000
52 1 0 0 10.2100 0.5000
53 1 0 0 9.5490 0.5000
54 1 0 0 8.3300 0.5000
55 1 0 0 10.5940 0.5000
56 1 0 0 9.6560 0.5000
57 1 0 0 10.2570 0.5000
58 1 0 0 12.7530 0.5000
59 1 0 0 11.1150 0.5000
60 1 0 0 8.4660 0.5000
61 1 0 0 6.7310 0.5000
62 1 0 0 23.4920 0.2526
63 1 0 0 10.7640 0.4914
64 1 0 0 10.7670 0.5000
65 1 0 0 10.3920 0.5000
66 1 0 0 10.1690 0.5000
67 1 0 0 9.1890 0.5000
68 1 0 0 9.6740 0.5000
69 1 0 0 10.2940 0.5000
70 1 0 0 9.8140 0.5000
71 1 0 0 8.0420 0.5000
72 1 0 0 9.0560 0.5000
73 1 0 0 10.2560 0.5000
74 1 0 0 8.9650 0.5000
75 1 0 0 8.1650 0.5000
76 1 0 0 10.5880 0.5000
77 1 0 0 9.9950 0.5000
78 1 0 0 10.4000 0.5000
79 1 0 0 11.0120 0.4962
80 1 0 0 10.1970 0.5000
81 1 0 0 10.5790 0.5000
82 1 0 0 10.5220 0.5000
83 1 0 0 11.2510 0.5000
84 1 0 0 10.6100 0.5000
85 1 0 0 11.7030 0.4588
86 1 0 0 10.7930 0.4996
87 1 0 0 9.5150 0.5000
88 1 0 0 10.9140 0.4898
89 1 0 0 9.4430 0.5000
90 1 0 0 8.6400 0.5000
91 1 0 0 11.8450 0.4859
92 1 0 0 10.2780 0.5000
93 1 0 0 7.2960 0.5000
94 1 0 0 7.4880 0.5000
95 1 0 0 9.6090 0.5000
96 1 0 0 10.2440 0.5000
97 1 0 0 8.7580 0.5000
98 1 0 0 10.6320 0.5000
99 1 0 0 12.6820 0.4511
100 1 0 0 10.7080 0.5000
101 1 0 0 9.7440 0.5000
102 1 0 0 10.3840 0.5000
103 1 0 0 12.1660 0.4658
104 1 0 0 10.9680 0.5000
105 1 0 0 10.9210 0.5000
106 1 0 0 10.6800 0.5000
107 1 0 0 11.1940 0.5000
108 1 0 0 8.8830 0.5000
109 1 0 0 10.5480 0.5000
110 1 0 0 9.0810 0.5000
111 1 0 0 15.9360 0.4237
112 1 0 0 13.2340 0.4546
113 1 0 0 10.7060 0.5000
114 1 0 0 10.7610 0.5000
115 1 0 0 9.9130 0.5000
116 1 0 0 10.9160 0.4764
117 1 0 0 12.1330 0.4913
118 1 0 0 11.8360 0.4963
119 1 0 0 14.0560 0.4342
120 1 0 0 12.3060 0.4746
121 1 0 0 10.2040 0.5000
122 1 0 0 10.2770 0.5000
123 1 0 0 10.7200 0.5000
124 1 0 0 10.8280 0.5000
125 1 0 0 10.7040 0.5000
126 1 0 0 10.8480 0.5000
127 1 0 0 11.2720 0.5000
128 1 0 0 8.6340 0.5000
129 1 0 0 10.2760 0.5000
130 1 0 0 9.7770 0.5000
131 1 0 0 11.4110 0.5000
132 1 0 0 11.4880 0.4829
133 1 0 0 11.2140 0.4828
134 1 0 0 10.7720 0.5000
135 1 0 0 8.5310 0.5000
136 1 0 0 12.1850 0.4525
137 1 0 0 11.3380 0.4786
138 1 0 0 13.2310 0.5000
139 1 0 0 10.7440 0.4809
140 1 0 0 10.7080 0.5000
141 1 0 0 9.4550 0.5000
142 1 0 0 9.4630 0.5000
143 1 0 0 10.7010 0.5000
144 1 0 0 10.3970 0.5000
145 1 0 0 9.6780 0.5000
146 1 0 0 9.7060 0.5000
147 1 0 0 9.5670 0.5000
148 1 0 0 10.8770 0.5000
149 1 0 0 10.3260 0.5000
150 1 0 0 10.5570 0.5000
151 1 0 0 10.8300 0.5000
152 1 0 0 9.8680 0.5000
153 1 0 0 11.2420 0.5000
154 1 0 0 10.4120 0.5000
155 1 0 0 10.1990 0.5000
156 1 0 0 9.3040 0.5000
157 1 0 0 13.5390 0.4607
158 1 0 0 11.7300 0.4745
159 1 0 0 9.6330 0.5000
160 1 0 0 10.4570 0.5000
161 1 0 0 8.5420 0.5000
162 1 0 0 11.0400 0.4896
163 1 0 0 11.9170 0.4850
164 1 0 0 8.8390 0.5000
165 1 0 0 10.3660 0.5000
166 1 0 0 10.5360 0.4895
167 1 0 0 10.5540 0.5000
168 1 0 0 12.4520 0.4806
169 1 0 0 11.0700 0.4894
170 1 0 0 10.1150 0.5000
171 1 0 0 11.4490 0.4925
172 1 0 0 9.9920 0.5000
173 1 0 0 10.5230 0.4997
174 1 0 0 10.9590 0.4959
175 1 0 0 10.6320 0.5000
176 1 0 0 11.4650 0.4663
177 1 0 0 11.4200 0.5000
178 1 0 0 10.2090 0.5000
179 1 0 0 10.9930 0.4987
180 1 0 0 11.2000 0.5000
181 1 0 0 14.5240 0.4159
182 1 0 0 12.1590 0.4375
183 1 0 0 11.4240 0.4808
184 1 0 0 10.4430 0.5000
185 1 0 0 10.1750 0.5000
186 1 0 0 11.0730 0.5000
187 1 0 0 9.9940 0.5000
188 1 0 0 12.0620 0.4694
189 1 0 0 9.8660 0.5000
190 1 0 0 10.6300 0.5000
191 0 1 0 13.9890 0.0000
192 1 0 0 10.8690 0.5000
193 1 0 0 10.8070 0.5000
194 1 0 0 10.9430 0.4991
195 1 0 0 9.2620 0.5000
196 1 0 0 10.3010 0.5000
197 1 0 0 11.5350 0.4635
198 1 0 0 10.3650 0.5000
199 1 0 0 11.1360 0.5000
200 1 0 0 10.2510 0.5000
201 1 0 0 10.3890 0.5000
202 1 0 0 10.6400 0.4890
203 1 0 0 10.9020 0.5000
204 1 0 0 11.0050 0.5000
205 1 0 0 11.0870 0.5000
206 1 0 0 10.3700 0.5000
207 1 0 0 11.6620 0.4649
208 1 0 0 10.3180 0.5000
209 1 0 0 10.8030 0.5000
210 1 0 0 10.3040 0.5000
211 1 0 0 10.2810 0.5000
212 1 0 0 7.5430 0.5000
213 1 0 0 10.2470 0.5000
214 1 0 0 12.4210 0.4851
215 1 0 0 11.7050 0.4754
216 1 0 0 11.1590 0.5000
217 1 0 0 12.4950 0.4467
218 1 0 0 10.3460 0.5000
219 1 0 0 11.2590 0.5000
220 1 0 0 12.1150 0.4713
221 1 0 0 10.1490 0.5000
222 1 0 0 10.9580 0.4976
223 1 0 0 10.0370 0.5000
224 1 0 0 10.9600 0.4921
225 1 0 0 10.1520 0.5000
226 1 0 0 9.3950 0.5000
227 1 0 0 10.9470 0.4914
228 1 0 0 12.9670 0.4889
229 1 0 0 10.4510 0.5000
230 1 0 0 10.9920 0.5000
231 1 0 0 10.0790 0.5000
232 1 0 0 10.5390 0.5000
233 1 0 0 9.7410 0.5000
234 1 0 0 10.7050 0.5000
235 1 0 0 11.5230 0.4846
236 1 0 0 8.2350 0.5000
237 0 1 0 72.8840 0.0000
238 1 0 0 10.5840 0.5000
239 1 0 0 9.9780 0.5000
240 1 0 0 10.9950 0.5000
241 1 0 0 12.3720 0.4645
242 0 1 0 11.4170 0.0000
243 1 0 0 14.6030 0.4648
244 1 0 0 11.0730 0.4921
245 1 0 0 10.9170 0.5000
246 1 0 0 10.8070 0.5000
247 1 0 0 9.9200 0.5000
248 1 0 0 10.8420 0.5000
249 1 0 0 11.3930 0.4942
250 1 0 0 10.1170 0.5000
251 1 0 0 9.5030 0.5000
252 1 0 0 9.6980 0.5000
253 1 0 0 10.0730 0.5000
254 1 0 0 11.5000 0.5000
255 1 0 0 12.6090 0.4549
256 1 0 0 10.0440 0.5000
257 1 0 0 10.7670 0.5000
258 1 0 0 10.8430 0.5000
259 1 0 0 9.6270 0.5000
260 1 0 0 12.4240 0.4713
261 1 0 0 10.7720 0.4938
262 1 0 0 12.1010 0.4547
263 1 0 0 10.5480 0.5000
264 1 0 0 13.5840 0.4433
265 1 0 0 13.6940 0.4612
266 1 0 0 10.9810 0.5000
267 1 0 0 12.8980 0.4320
268 1 0 0 11.1410 0.4989
269 1 0 0 9.6010 0.5000
270 1 0 0 10.2680 0.5000
271 1 0 0 11.4070 0.4954
272 1 0 0 12.1800 0.4532
273 1 0 0 12.8460 0.4693
274 1 0 0 9.8390 0.5000
275 0 1 0 14.3520 0.0000
276 1 0 0 11.1890 0.5000
277 1 0 0 11.2010 0.4969
278 1 0 0 23.4110 0.2406
279 1 0 0 11.3220 0.5000
280 1 0 0 11.8150 0.5000
281 0 1 0 20.7380 0.0000
282 0 1 0 13.9140 0.0000
283 1 0 0 13.4570 0.4388
284 1 0 0 14.1980 0.4005
285 1 0 0 12.1770 0.4533
286 1 0 0 13.2380 0.4862
287 1 0 0 12.3470 0.5000
288 1 0 0 11.2540 0.5000
289 1 0 0 11.8440 0.5000
290 1 0 0 11.3350 0.5000
291 1 0 0 10.0100 0.5000
292 1 0 0 11.6990 0.5000
293 1 0 0 11.0450 0.5000
294 1 0 0 12.7550 0.4574
295 1 0 0 11.6390 0.4738
296 1 0 0 10.7520 0.5000
297 1 0 0 11.3070 0.5000
298 1 0 0 12.0530 0.4820
299 1 0 0 11.1440 0.4818
