0 1 0 0 11.1840 0.50001 1 0 0 9.9150 0.50002 1 0 0 10.3860 0.50003 1 0 0 10.0560 0.50004 1 0 0 10.1140 0.50005 1 0 0 8.1060 0.50006 1 0 0 10.5240 0.50007 1 0 0 10.2600 0.50008 1 0 0 10.5440 0.50009 1 0 0 9.0230 0.500010 1 0 0 9.6450 0.500011 1 0 0 9.4020 0.500012 1 0 0 9.7540 0.500013 1 0 0 9.5590 0.500014 1 0 0 9.9190 0.500015 1 0 0 10.1280 0.500016 1 0 0 12.3780 0.480817 1 0 0 9.8150 0.500018 1 0 0 7.5510 0.500019 1 0 0 11.0470 0.500020 1 0 0 7.6360 0.500021 1 0 0 10.8010 0.500022 1 0 0 9.9010 0.500023 1 0 0 9.3650 0.500024 1 0 0 11.9130 0.500025 1 0 0 8.8770 0.500026 1 0 0 9.7800 0.500027 1 0 0 8.6310 0.500028 1 0 0 9.6990 0.500029 1 0 0 10.9410 0.500030 1 0 0 11.7900 0.500031 1 0 0 10.0330 0.500032 1 0 0 8.6460 0.500033 1 0 0 12.1630 0.500034 1 0 0 10.1160 0.500035 1 0 0 9.7290 0.500036 1 0 0 9.7290 0.500037 1 0 0 10.6120 0.500038 1 0 0 10.8460 0.500039 1 0 0 10.1000 0.500040 1 0 0 10.6300 0.500041 1 0 0 7.4510 0.500042 1 0 0 8.2440 0.500043 1 0 0 12.0450 0.4619
44 1 0 0 10.9330 0.500045 1 0 0 8.6060 0.500046 1 0 0 8.1500 0.500047 1 0 0 9.3420 0.500048 1 0 0 9.8240 0.500049 1 0 0 10.3370 0.500050 1 0 0 9.4210 0.500051 1 0 0 10.6600 0.500052 1 0 0 10.2540 0.500053 1 0 0 9.6780 0.500054 1 0 0 8.2930 0.500055 1 0 0 10.4930 0.500056 1 0 0 9.6760 0.500057 1 0 0 10.2970 0.500058 1 0 0 12.8140 0.500059 1 0 0 11.1710 0.500060 1 0 0 8.4930 0.500061 1 0 0 6.7570 0.500062 1 0 0 16.5500 0.358663 1 0 0 10.8190 0.488964 1 0 0 10.7480 0.500065 1 0 0 10.3000 0.500066 1 0 0 10.2220 0.500067 1 0 0 9.1920 0.500068 1 0 0 9.5810 0.500069 1 0 0 10.4140 0.500070 1 0 0 9.8490 0.500071 1 0 0 8.0930 0.500072 1 0 0 9.2210 0.500073 1 0 0 10.3680 0.500074 1 0 0 8.9310 0.500075 1 0 0 8.0670 0.500076 1 0 0 10.6170 0.500077 1 0 0 10.3420 0.500078 1 0 0 10.5760 0.500079 1 0 0 11.0310 0.495380 1 0 0 10.2760 0.500081 1 0 0 10.5370 0.500082 1 0 0 10.5100 0.500083 1 0 0 11.2770 0.500084 1 0 0 10.5520 0.500085 1 0 0 11.7170 0.458286 1 0 0 10.7950 0.499587 1 0 0 9.4940 0.5000
88 1 0 0 10.9140 0.489889 1 0 0 9.4830 0.500090 1 0 0 8.7260 0.500091 1 0 0 11.9940 0.479992 1 0 0 10.2680 0.500093 1 0 0 7.2410 0.500094 1 0 0 6.7260 0.500095 1 0 0 9.6480 0.500096 1 0 0 10.2210 0.500097 1 0 0 8.7250 0.500098 1 0 0 10.7070 0.500099 1 0 0 12.7540 0.4486100 1 0 0 10.8490 0.5000101 1 0 0 9.3630 0.5000102 1 0 0 10.1680 0.5000103 1 0 0 12.2890 0.4612104 1 0 0 10.9420 0.5000105 1 0 0 10.8600 0.5000106 1 0 0 10.8580 0.5000107 1 0 0 11.2130 0.5000108 1 0 0 9.2810 0.5000109 1 0 0 10.5600 0.5000110 1 0 0 8.9960 0.5000111 1 0 0 16.3630 0.4126112 1 0 0 19.4140 0.3099113 1 0 0 10.7600 0.5000
114 0 1 0 7.8320 0.0000
115 1 0 0 9.8740 0.5000116 1 0 0 11.0080 0.4725117 1 0 0 12.1700 0.4899118 1 0 0 11.8840 0.4943119 1 0 0 14.2280 0.4290120 1 0 0 12.3360 0.4734121 1 0 0 10.1710 0.5000122 1 0 0 10.2850 0.5000123 1 0 0 10.5360 0.5000124 1 0 0 10.8570 0.5000125 1 0 0 10.7510 0.5000126 1 0 0 10.7070 0.5000127 1 0 0 11.3220 0.5000128 1 0 0 8.4250 0.5000129 1 0 0 10.2660 0.5000130 1 0 0 9.7520 0.5000131 1 0 0 10.8580 0.5000
132 1 0 0 11.4690 0.4837133 1 0 0 11.2390 0.4817134 1 0 0 10.7050 0.5000135 1 0 0 8.5420 0.5000136 1 0 0 11.2530 0.4900137 1 0 0 11.4430 0.4742138 1 0 0 13.3710 0.5000139 1 0 0 10.7740 0.4796140 1 0 0 10.7210 0.5000141 1 0 0 9.5020 0.5000142 1 0 0 10.2370 0.5000143 1 0 0 10.7880 0.5000144 1 0 0 10.3590 0.5000145 1 0 0 9.6980 0.5000146 1 0 0 9.6730 0.5000147 1 0 0 9.6640 0.5000148 1 0 0 10.9400 0.5000149 1 0 0 10.2740 0.5000150 1 0 0 10.7720 0.5000151 1 0 0 10.8350 0.5000152 1 0 0 9.9310 0.5000153 1 0 0 11.3070 0.5000154 1 0 0 10.4650 0.5000155 1 0 0 10.3120 0.5000156 1 0 0 9.3800 0.5000157 1 0 0 13.5130 0.4616158 1 0 0 11.8310 0.4705159 1 0 0 9.5740 0.5000160 1 0 0 10.2820 0.5000161 1 0 0 8.6080 0.5000162 1 0 0 11.1500 0.4848163 1 0 0 11.8270 0.4886164 1 0 0 8.9900 0.5000165 1 0 0 10.2790 0.5000166 1 0 0 10.4930 0.4915167 1 0 0 10.5310 0.5000168 1 0 0 12.5420 0.4772169 1 0 0 11.0570 0.4899170 1 0 0 10.4350 0.5000171 1 0 0 11.5000 0.4903
172 1 0 0 10.0000 0.5000
173 1 0 0 10.4560 0.5000174 1 0 0 11.0370 0.4924175 1 0 0 11.3800 0.5000
176 1 0 0 11.4850 0.4655177 1 0 0 11.4890 0.5000178 1 0 0 10.2070 0.5000179 1 0 0 11.0160 0.4976180 1 0 0 11.2430 0.5000181 1 0 0 14.5110 0.4163182 1 0 0 12.1830 0.4366183 1 0 0 11.4260 0.4807184 1 0 0 10.7680 0.5000185 1 0 0 10.1450 0.5000186 1 0 0 11.2330 0.5000187 1 0 0 10.0570 0.5000188 1 0 0 12.1140 0.4674189 1 0 0 9.8620 0.5000190 1 0 0 10.7010 0.5000191 1 0 0 46.4560 0.1307192 1 0 0 10.8420 0.5000193 1 0 0 10.8690 0.5000194 1 0 0 10.9440 0.4990195 1 0 0 9.3430 0.5000196 1 0 0 10.4820 0.5000197 1 0 0 11.4700 0.4661198 1 0 0 10.3780 0.5000199 1 0 0 11.2860 0.5000200 1 0 0 10.3210 0.5000201 1 0 0 10.3950 0.5000202 1 0 0 10.6620 0.4880203 1 0 0 11.5040 0.4889204 1 0 0 11.1730 0.5000205 1 0 0 11.1220 0.5000206 1 0 0 10.3560 0.5000207 1 0 0 11.9130 0.4552208 1 0 0 10.1560 0.5000209 1 0 0 8.9120 0.5000210 1 0 0 10.3620 0.5000
211 0 1 0 10.2700 0.0000
212 1 0 0 7.6170 0.5000213 1 0 0 10.3830 0.5000214 1 0 0 12.7490 0.4726215 1 0 0 11.7090 0.4753216 1 0 0 11.1820 0.5000217 1 0 0 11.7880 0.4734218 1 0 0 10.4520 0.5000219 1 0 0 11.8340 0.5000
220 1 0 0 12.2210 0.4672221 1 0 0 10.1230 0.5000222 1 0 0 10.9670 0.4972223 1 0 0 9.9990 0.5000224 1 0 0 11.1010 0.4859225 1 0 0 10.1410 0.5000226 1 0 0 11.3030 0.4727227 1 0 0 10.9920 0.4894228 1 0 0 13.5800 0.4668229 1 0 0 10.4770 0.5000230 1 0 0 11.0790 0.5000231 1 0 0 10.0900 0.5000232 1 0 0 10.6610 0.5000233 1 0 0 9.7590 0.5000234 1 0 0 10.8530 0.4950235 1 0 0 10.7860 0.5000236 1 0 0 8.3560 0.5000
237 0 1 0 39.0800 0.0000
238 1 0 0 10.6270 0.5000239 1 0 0 9.9800 0.5000240 1 0 0 10.9630 0.5000241 1 0 0 12.3890 0.4639
242 0 1 0 8.5890 0.0000
243 1 0 0 14.6190 0.4643244 1 0 0 11.0370 0.4937245 1 0 0 10.9420 0.5000246 1 0 0 10.8920 0.5000247 1 0 0 9.9950 0.5000248 1 0 0 10.9050 0.5000249 1 0 0 11.4500 0.4917250 1 0 0 10.2390 0.5000251 1 0 0 9.5440 0.5000252 1 0 0 9.7330 0.5000253 1 0 0 10.0740 0.5000254 1 0 0 11.6090 0.5000255 1 0 0 11.7820 0.4868256 1 0 0 10.0380 0.5000257 1 0 0 10.7770 0.5000258 1 0 0 10.7770 0.5000259 1 0 0 9.6800 0.5000260 1 0 0 12.5000 0.4684261 1 0 0 10.8260 0.4914262 1 0 0 11.9670 0.4598263 1 0 0 10.6410 0.5000
264 1 0 0 13.5630 0.4440265 1 0 0 13.5640 0.4656266 1 0 0 11.0050 0.5000267 1 0 0 13.0580 0.4267268 1 0 0 11.1860 0.4969269 1 0 0 9.5820 0.5000270 1 0 0 10.3340 0.5000271 1 0 0 11.4610 0.4931272 1 0 0 12.2090 0.4521273 1 0 0 12.8540 0.4690274 1 0 0 9.9640 0.5000
275 0 1 0 25.3980 0.0000
276 1 0 0 11.0870 0.5000277 1 0 0 11.4300 0.4870278 1 0 0 22.8560 0.2464279 1 0 0 11.6680 0.5000280 1 0 0 11.8950 0.5000281 1 0 0 16.4180 0.3817
282 0 0 1 100.0890 0.0000
283 1 0 0 30.6690 0.1926284 1 0 0 14.2080 0.4002285 1 0 0 12.1110 0.4558286 1 0 0 13.1480 0.4896287 1 0 0 12.4950 0.5000288 1 0 0 11.2050 0.5000289 1 0 0 11.8270 0.5000290 1 0 0 11.4140 0.5000291 1 0 0 9.9740 0.5000292 1 0 0 11.7470 0.5000293 1 0 0 11.3300 0.5000294 1 0 0 18.9630 0.3076295 1 0 0 11.6490 0.4733296 1 0 0 14.4440 0.3891297 1 0 0 11.3090 0.5000298 1 0 0 12.1870 0.4767299 1 0 0 11.1280 0.4825