0 1 0 0 11.2210 0.5000
1 1 0 0 8.7890 0.5000
2 1 0 0 9.4350 0.5000
3 1 0 0 8.9550 0.5000
4 1 0 0 9.2000 0.5000
5 1 0 0 7.7180 0.5000
6 1 0 0 9.3870 0.5000
7 1 0 0 8.9730 0.5000
8 1 0 0 9.7620 0.5000
9 1 0 0 8.5840 0.5000
10 1 0 0 8.6440 0.5000
11 1 0 0 8.3690 0.5000
12 1 0 0 8.9640 0.5000
13 1 0 0 8.4710 0.5000
14 1 0 0 9.9580 0.5000
15 1 0 0 9.9840 0.5000
16 1 0 0 10.9460 0.5000
17 1 0 0 8.7450 0.5000
18 1 0 0 8.0080 0.5000
19 1 0 0 10.3080 0.5000
20 1 0 0 7.1280 0.5000
21 1 0 0 9.3050 0.5000
22 1 0 0 9.0530 0.5000
23 1 0 0 9.0400 0.5000
24 1 0 0 13.1560 0.4698
25 1 0 0 8.1290 0.5000
26 1 0 0 9.7960 0.5000
27 1 0 0 8.1260 0.5000
28 1 0 0 8.4830 0.5000
29 1 0 0 10.8620 0.5000
30 1 0 0 11.0450 0.5000
31 1 0 0 8.3710 0.5000
32 1 0 0 11.4650 0.4964
33 1 0 0 11.9270 0.5000
34 1 0 0 9.4810 0.5000
35 1 0 0 9.0460 0.5000
36 1 0 0 9.5960 0.5000
37 1 0 0 10.3100 0.5000
38 1 0 0 9.6630 0.5000
39 1 0 0 8.7240 0.5000
40 1 0 0 8.4440 0.5000
41 1 0 0 6.8740 0.5000
42 1 0 0 7.3110 0.5000
43 1 0 0 12.5530 0.4432
44 1 0 0 9.6180 0.5000
45 1 0 0 8.2010 0.5000
46 1 0 0 7.9620 0.5000
47 1 0 0 8.5620 0.5000
48 1 0 0 11.1060 0.5000
49 1 0 0 10.6090 0.5000
50 1 0 0 9.0650 0.5000
51 1 0 0 10.0920 0.5000
52 1 0 0 8.3720 0.5000
53 1 0 0 8.8830 0.5000
54 1 0 0 8.5500 0.5000
55 1 0 0 8.5130 0.5000
56 1 0 0 9.4140 0.5000
57 1 0 0 9.6750 0.5000
58 1 0 0 13.0600 0.5000
59 1 0 0 11.6210 0.4911
60 1 0 0 10.4410 0.5000
61 1 0 0 6.7120 0.5000
62 1 0 0 14.7590 0.4021
63 1 0 0 8.7920 0.5000
64 1 0 0 19.8020 0.2766
65 1 0 0 9.5570 0.5000
66 1 0 0 10.0610 0.5000
67 1 0 0 7.5520 0.5000
68 1 0 0 8.3470 0.5000
69 1 0 0 9.4150 0.5000
70 1 0 0 9.4310 0.5000
71 1 0 0 8.2610 0.5000
72 1 0 0 7.9840 0.5000
73 1 0 0 10.9490 0.5000
74 1 0 0 10.5680 0.5000
75 1 0 0 7.5270 0.5000
76 1 0 0 10.4880 0.5000
77 1 0 0 8.8370 0.5000
78 1 0 0 11.4550 0.5000
79 1 0 0 9.6890 0.5000
80 1 0 0 10.7370 0.5000
81 1 0 0 9.0560 0.5000
82 1 0 0 8.2690 0.5000
83 1 0 0 9.3130 0.5000
84 1 0 0 10.5490 0.5000
85 1 0 0 11.3330 0.4738
86 1 0 0 9.3420 0.5000
87 1 0 0 8.2390 0.5000
88 1 0 0 9.0970 0.5000
89 1 0 0 10.8640 0.5000
90 1 0 0 8.1580 0.5000
91 1 0 0 10.1640 0.5000
92 1 0 0 8.6710 0.5000
93 1 0 0 5.7720 0.5000
94 1 0 0 6.3920 0.5000
95 1 0 0 10.1120 0.5000
96 1 0 0 16.7480 0.3250
97 1 0 0 8.3360 0.5000
98 1 0 0 9.9430 0.5000
99 1 0 0 11.1990 0.5000
100 1 0 0 9.3260 0.5000
101 1 0 0 8.6230 0.5000
102 1 0 0 9.2840 0.5000
103 1 0 0 13.7670 0.4117
104 1 0 0 11.1280 0.5000
105 1 0 0 10.3880 0.5000
106 1 0 0 11.1090 0.5000
107 1 0 0 10.6970 0.5000
108 1 0 0 8.6590 0.5000
109 1 0 0 9.3630 0.5000
110 1 0 0 8.7020 0.5000
111 1 0 0 15.8680 0.4255
112 1 0 0 13.8300 0.4350
113 1 0 0 14.3020 0.3969
114 1 0 0 10.1860 0.5000
115 1 0 0 9.1830 0.5000
116 1 0 0 9.4770 0.5000
117 1 0 0 14.7680 0.4037
118 1 0 0 12.0120 0.4890
119 1 0 0 9.8820 0.5000
120 1 0 0 12.1460 0.4808
121 1 0 0 9.6990 0.5000
122 1 0 0 10.6080 0.5000
123 1 0 0 10.7180 0.5000
124 1 0 0 12.2130 0.5000
125 1 0 0 10.3300 0.5000
126 1 0 0 12.5290 0.4456
127 1 0 0 10.1150 0.5000
128 1 0 0 7.7990 0.5000
129 1 0 0 9.7840 0.5000
130 1 0 0 9.6050 0.5000
131 1 0 0 14.0780 0.4648
132 1 0 0 10.7690 0.5000
133 1 0 0 9.4070 0.5000
134 1 0 0 10.0130 0.5000
135 1 0 0 8.3680 0.5000
136 1 0 0 9.9050 0.5000
137 1 0 0 10.8750 0.4990
138 1 0 0 14.4840 0.4710
139 1 0 0 9.4060 0.5000
140 1 0 0 9.5730 0.5000
141 1 0 0 8.5830 0.5000
142 1 0 0 8.4490 0.5000
143 1 0 0 10.8280 0.5000
144 1 0 0 12.6760 0.4312
145 1 0 0 8.5140 0.5000
146 1 0 0 8.4410 0.5000
147 1 0 0 9.1120 0.5000
148 1 0 0 11.2230 0.4973
149 1 0 0 9.6790 0.5000
150 1 0 0 10.8200 0.5000
151 1 0 0 11.4450 0.4845
152 1 0 0 10.0020 0.5000
153 1 0 0 12.7390 0.4573
154 1 0 0 11.2030 0.4747
155 1 0 0 9.2280 0.5000
156 1 0 0 7.7830 0.5000
157 1 0 0 11.3380 0.5000
158 1 0 0 10.6520 0.5000
159 1 0 0 8.8580 0.5000
160 1 0 0 8.7320 0.5000
161 1 0 0 7.6120 0.5000
162 1 0 0 9.8880 0.5000
163 1 0 0 11.2480 0.5000
164 1 0 0 8.1250 0.5000
165 1 0 0 9.7140 0.5000
166 1 0 0 9.0180 0.5000
167 1 0 0 11.1210 0.5000
168 1 0 0 11.6250 0.5000
169 1 0 0 18.0300 0.3005
170 1 0 0 9.5940 0.5000
171 1 0 0 11.4950 0.4905
172 1 0 0 8.8170 0.5000
173 1 0 0 9.1720 0.5000
174 1 0 0 10.5950 0.5000
175 1 0 0 9.5290 0.5000
176 1 0 0 10.7290 0.4983
177 1 0 0 15.6160 0.4192
178 1 0 0 9.2210 0.5000
179 1 0 0 12.5100 0.4382
180 1 0 0 10.5860 0.5000
181 1 0 0 12.6690 0.4768
182 1 0 0 10.0370 0.5000
183 1 0 0 10.2330 0.5000
184 1 0 0 10.3890 0.5000
185 1 0 0 9.3900 0.5000
186 1 0 0 11.2900 0.5000
187 1 0 0 9.1310 0.5000
188 1 0 0 11.5200 0.4915
189 1 0 0 8.8420 0.5000
190 1 0 0 9.4830 0.5000
191 1 0 0 10.5670 0.5000
192 1 0 0 10.5220 0.5000
193 1 0 0 9.5100 0.5000
194 1 0 0 9.5600 0.5000
195 1 0 0 10.8140 0.5000
196 1 0 0 8.7960 0.5000
197 1 0 0 10.4800 0.5000
198 1 0 0 9.1930 0.5000
199 1 0 0 9.8100 0.5000
200 1 0 0 9.0360 0.5000
201 1 0 0 9.1730 0.5000
202 1 0 0 9.6010 0.5000
203 1 0 0 10.1150 0.5000
204 1 0 0 10.3430 0.5000
205 1 0 0 10.4270 0.5000
206 1 0 0 9.2530 0.5000
207 1 0 0 11.5570 0.4692
208 1 0 0 8.8590 0.5000
209 1 0 0 7.4600 0.5000
210 1 0 0 9.9120 0.5000
211 1 0 0 9.3060 0.5000
212 1 0 0 6.8570 0.5000
213 1 0 0 9.4010 0.5000
214 1 0 0 14.9220 0.4038
215 1 0 0 12.1020 0.4598
216 1 0 0 10.0760 0.5000
217 1 0 0 12.2030 0.4573
218 1 0 0 9.7870 0.5000
219 1 0 0 11.2730 0.5000
220 1 0 0 10.8920 0.5000
221 1 0 0 9.3590 0.5000
222 1 0 0 10.7370 0.5000
223 1 0 0 9.6660 0.5000
224 1 0 0 10.1370 0.5000
225 1 0 0 9.4740 0.5000
226 1 0 0 8.9750 0.5000
227 1 0 0 9.6100 0.5000
228 1 0 0 13.0660 0.4852
229 1 0 0 9.5100 0.5000
230 1 0 0 9.7550 0.5000
231 1 0 0 8.9900 0.5000
232 1 0 0 10.5070 0.5000
233 1 0 0 8.8380 0.5000
234 1 0 0 9.9820 0.5000
235 1 0 0 12.5020 0.4467
236 1 0 0 8.3880 0.5000
237 1 0 0 15.9640 0.3614
238 1 0 0 11.8810 0.4829
239 1 0 0 12.3200 0.5000
240 1 0 0 10.0200 0.5000
241 1 0 0 12.4330 0.4622
242 1 0 0 9.8620 0.5000
243 1 0 0 13.9230 0.4875
244 1 0 0 10.1030 0.5000
245 1 0 0 10.2850 0.5000
246 1 0 0 12.9430 0.4223
247 1 0 0 8.7480 0.5000
248 1 0 0 10.0820 0.5000
249 1 0 0 11.6820 0.4820
250 1 0 0 8.7740 0.5000
251 1 0 0 9.4710 0.5000
252 1 0 0 8.6850 0.5000
253 1 0 0 9.1980 0.5000
254 1 0 0 11.2820 0.5000
255 1 0 0 10.7700 0.5000
256 1 0 0 8.8050 0.5000
257 1 0 0 10.6580 0.5000
258 1 0 0 9.8550 0.5000
259 1 0 0 14.8210 0.3816
260 1 0 0 12.4880 0.4689
261 1 0 0 9.6570 0.5000
262 1 0 0 10.1420 0.5000
263 1 0 0 9.5120 0.5000
264 1 0 0 9.8890 0.5000
265 1 0 0 15.8370 0.3988
266 1 0 0 13.0370 0.5000
267 1 0 0 11.2100 0.4971
268 1 0 0 14.6540 0.3793
269 1 0 0 8.6520 0.5000
270 1 0 0 9.7480 0.5000
271 1 0 0 10.6800 0.5000
272 1 0 0 13.1000 0.4214
273 1 0 0 12.8510 0.4691
274 1 0 0 9.0870 0.5000
275 1 0 0 11.1760 0.4804
276 1 0 0 10.7060 0.5000
277 1 0 0 10.9290 0.5000
278 1 0 0 17.2220 0.3271
279 1 0 0 16.7310 0.3846
280 1 0 0 9.8870 0.5000
281 1 0 0 12.3080 0.5000
282 1 0 0 16.6520 0.3693
283 1 0 0 14.7240 0.4011
284 1 0 0 13.0280 0.4364
285 1 0 0 11.0800 0.4982
286 1 0 0 18.6050 0.3460
287 1 0 0 19.6300 0.3300
288 1 0 0 16.1450 0.3824
289 1 0 0 12.8180 0.4851
290 1 0 0 12.6250 0.4554
291 1 0 0 7.3490 0.5000
292 1 0 0 13.0250 0.4664
293 1 0 0 13.1030 0.4414
294 1 0 0 18.5340 0.3148
295 1 0 0 11.3280 0.4868
296 1 0 0 10.5570 0.5000
297 1 0 0 13.3610 0.4498
298 1 0 0 19.2520 0.3017
299 1 0 0 9.9510 0.5000

