0 1 0 0 26.4210 0.2572
0 0 0 1 100.0620 0.0000
0 0 1 0 34.0780 0.0000
0 1 0 0 22.9320 0.2964
312 0 0 1 100.0600 0.0000
312 0 0 1 100.0420 0.0000
305 0 0 1 100.0350 0.0000
0 1 0 0 17.1730 0.3957
301 0 0 1 100.0470 0.0000
301 1 0 0 29.2360 0.4105
324 0 1 0 11.8820 0.0000
335 0 1 0 47.4750 0.0000
315 1 0 0 18.2810 0.5000
308 0 1 0 14.6730 0.0000
305 1 0 0 20.9690 0.4530
305 0 0 1 100.0320 0.0000
305 0 1 0 0.5280 0.0000
305 1 0 0 50.4570 0.2676
305 0 1 0 1.6650 0.0000
326 0 1 0 39.6630 0.0000
327 0 1 0 10.0250 0.0000
156 1 0 0 11.7570 0.4446
183 1 0 0 12.3180 0.4434
284 0 0 1 100.0990 0.0000
285 0 0 1 100.0940 0.0000
123 1 0 0 10.9410 0.5000
0 1 0 0 10.8290 0.5000
0 1 0 0 14.3300 0.4743
0 1 0 0 11.5900 0.5000
0 1 0 0 27.2920 0.2490
0 1 0 0 12.6680 0.5000
0 1 0 0 14.4090 0.4717
0 1 0 0 15.3770 0.4420
0 1 0 0 11.2140 0.5000
0 1 0 0 58.4490 0.1250
0 1 0 0 11.5370 0.5000
6 1 0 0 7.8170 0.5000
6 1 0 0 8.4330 0.5000
6 1 0 0 7.4310 0.5000
6 1 0 0 7.5260 0.5000
6 1 0 0 8.9190 0.5000
6 1 0 0 7.8380 0.5000
6 1 0 0 7.9420 0.5000
6 1 0 0 8.0250 0.5000
6 1 0 0 10.1000 0.5000
6 1 0 0 8.7400 0.5000
12 1 0 0 22.5570 0.2601
12 1 0 0 19.1300 0.3067
12 1 0 0 10.4200 0.5000
12 1 0 0 17.5270 0.3348
12 1 0 0 9.1930 0.5000
12 1 0 0 9.0660 0.5000
12 1 0 0 10.2170 0.5000
12 1 0 0 13.5620 0.4327
12 1 0 0 38.4420 0.1526
12 1 0 0 9.4520 0.5000
18 1 0 0 8.7530 0.5000
18 1 0 0 8.1450 0.5000
18 1 0 0 7.7490 0.5000
18 1 0 0 7.4340 0.5000
18 1 0 0 8.1650 0.5000
18 1 0 0 7.6570 0.5000
18 1 0 0 7.5370 0.5000
18 1 0 0 7.6290 0.5000
18 1 0 0 9.3780 0.5000
18 1 0 0 8.8730 0.5000
24 1 0 0 8.9720 0.5000
24 1 0 0 14.8390 0.4182
24 1 0 0 8.0380 0.5000
24 1 0 0 9.1000 0.5000
24 1 0 0 11.2620 0.5000
24 1 0 0 10.9410 0.5000
24 1 0 0 15.2720 0.4063
24 1 0 0 10.1650 0.5000
24 1 0 0 8.7330 0.5000
24 1 0 0 11.7400 0.5000
30 1 0 0 18.5140 0.3199
30 1 0 0 13.5440 0.4373
30 0 1 0 9.3570 0.0000
30 1 0 0 14.8950 0.3976
30 1 0 0 14.1720 0.4179
30 0 1 0 6.0720 0.0000
30 1 0 0 10.8810 0.5000
30 1 0 0 21.2930 0.2782
30 1 0 0 18.6730 0.3172
30 1 0 0 16.3500 0.3623
36 1 0 0 6.9100 0.5000
36 1 0 0 6.8970 0.5000
36 1 0 0 6.8930 0.5000
36 1 0 0 6.9080 0.5000
36 1 0 0 6.9030 0.5000
36 1 0 0 6.9110 0.5000
36 1 0 0 6.8790 0.5000
36 1 0 0 6.9030 0.5000
36 1 0 0 6.8920 0.5000
36 1 0 0 6.9130 0.5000
42 1 0 0 6.9190 0.5000
42 1 0 0 6.9280 0.5000
42 1 0 0 6.9130 0.5000
42 1 0 0 6.9250 0.5000
42 1 0 0 6.9030 0.5000
42 1 0 0 6.8820 0.5000
42 1 0 0 6.9190 0.5000
42 1 0 0 6.9170 0.5000
42 1 0 0 6.9070 0.5000
42 1 0 0 6.9120 0.5000
48 1 0 0 14.0810 0.3991
48 1 0 0 14.2860 0.3934
48 1 0 0 11.0810 0.5000
48 1 0 0 11.2650 0.4989
48 1 0 0 10.7760 0.5000
48 1 0 0 14.0860 0.3990
48 1 0 0 16.9710 0.3312
48 1 0 0 7.9710 0.5000
48 1 0 0 10.1310 0.5000
48 1 0 0 11.5320 0.4873
54 1 0 0 6.9100 0.5000
54 1 0 0 7.0000 0.5000
54 1 0 0 9.7750 0.5000
54 1 0 0 7.8260 0.5000
54 1 0 0 7.1050 0.5000
54 1 0 0 6.9010 0.5000
54 1 0 0 7.6290 0.5000
54 1 0 0 8.6820 0.5000
0 1 0 0 27.0730 0.2510
0 1 0 0 11.2070 0.5000
299 0 1 0 51.7710 0.0000
280 0 0 1 100.0870 0.0000
280 1 0 0 24.1120 0.2651
280 1 0 0 48.1390 0.1328
280 0 1 0 2.1940 0.0000
280 1 0 0 77.9090 0.1250
280 1 0 0 14.2590 0.4482
280 1 0 0 14.7740 0.4326
